504852941
504856103
504856751
504857230
504858795
504860224
504860250
504860823
504864799
504866295
504867024
504867301
504867337
504867675
504869201
504870650
504871962
504872513
504873277
504873932
504874049
504874950
504875137
504875769
504877031
504877071
504877779
504877848
504878451
504878570
504878801
504879014
504879419
504879943
504879966
504882176
504882339
504882700
504882842
504883362
504883826
504883959
504884282
504884497
504884541
504884603
504885701
504886632
504886900
504886963
504887067
504887370
504887611
504887621
504888389
504888786
504888866
504889188
504889255
504889347
504889353
504889372
504889892
504889930
504890070
504890558
504891184
504891411
504891576
504891622
504891954
504892342
504892459
504892549
504892604
504892682
504892754
504892895
504893665
504893748
504893935
504894714
504894838
504894920
504895123
504895178
504895741
504895955
504896034
504896049
504896111
504896124
504896201
504897209
504897509
504897811
504897823
504897883
504898088
504898400
504898623
504899105
504899460
504899540
504899709
504899722
504900667
504900803
504900804
504901093
504901144
504901800
504901994
504902228
504902420
504902623
504902789
504903046
504903503
504904007
504904141
504904384
504904481
504905260
504905985
504906824
504907139
504907607
504907611
504907657
504907717
504908388
504908940
504908949
504909227
504909402
504909732
504909942
504910028
504910161
504910167
504910252
504910337
504910707
504910895
504911273
504911338
504911596
504911614
504911843
504912033
504912218
504912433
504912581
504912654
504912702
504912749
504913152
504913220
504913320
504913418
504913808
504913955
504914011
504914172
504914226
504914389
504914818
504914869
504914932
504914958
504915234
504915303
504915336
504915432
504915452
504915814
504915902
504915926
504916195
504916314
504916412
504916476
504917138
504917203
504917212
504917281
504917376
504917581
504917779
504917821
504917836
504918044
504918136
504918376
504918598
504918630
504918712
504919234
504919388
504919410
504919418
504919678
504919758
504919872
504919932
504920252
504920276
504920323
504920369
504920509
504920828
504920903
504921057
504921060
504921310
504921421
504921581
504921585
504921801
504921916
504921963
504922165
504922287
504922480
504922505
504922729
504922759
504923272
504924077
504924409
504924422
504924443
504924527
504924622
504925017
504925398
504925523
504925625
504925750
504925874
504926040
504926368
504926378
504926406
504926454
504926642
504927104
504927148
504927186
504927214
504927282
504927283
504927423
504927804
504927823
504927829
504927918
504928363
504928698
504928748
504928920
504928998
504929173
504929443
504929538
504929705
504929843
504929919
504930131
504930169
504930222
504930245
504930266
504930520
504930564
504930576
504930727
504930826
504930844
504930845
504930875
504930901
504930905
504930919
504931126
504931182
504931271
504931276
504931422
504931485
504931661
504932340
504932428
504932524
504932553
504932814
504932937
504933020
504933037
504933055
504933086
504933123
504933129
504933187
504933197
504933312
504933423
504933514
504933642
504933736
504933910
504934027
504934072
504934086
504934239
504934254
504934354
504934538
504934866
504934907
504935104
504935221
504935301
504935568
504935737
504936149
504936162
504936512
504936619
504936638
504936696
504936766
504936802
504936983
504937128
504937157
504937182
504937431
504937465
504937618
504937651
504937791
504937917
504937927
504938078
504938125
504938228
504938259
504938337
504938393
504938397
504938468
504938511
504938577
504938669
504938700
504938744
504938811
504938867
504938906
504938934
504939177
504939190
504939251
504939361
504939400
504939554
504939575
504939593
504939635
504939838
504940159
504940322
504940338
504940702
504940730
504940800
504941097
504941258
504941410
504941416
504941418
504942113
504942418
504942611
504942619
504942651
504942799
504942852
504942881
504943026
504943177
504943821
504944035
504944359
504944464
504944848
504944982
504944991
504945137
504945172
504945450
504945778
504945873
504945920
504945950
504946205
504946274
504946382
504946384
504946476
504946608
504946800
504947387
504947506
504947506
504947957
504947977
504948106
504948140
504948142
504948225
504948261
504948309
504948390
504948761
504948775
504948811
504948920
504948958
504948994
504949130
504949217
504949235
504949314
504949340
504949610
504949671
504949679
504949774
504949834
504949886
504949991
504950062
504950071
504950190
504950346
504950427
504950471
504950721
504950864
504950943
504950955
504951097
504951264
504951397
504951476
504951624
504951634
504951704
504951750
504951866
504951873
504951901
504951970
504952039
504952168
504952206
504952293
504952390
504952401
504952417
504952419
504952471
504952605
504952613
504952817
504952837
504953071
504953090
504953115
504953174
504953193
504953493
504953546
504953830
504953992
504954085
504954100
504954237
504954302
504954411
504954543
504954571
504954587
504954801
504954869
504955007
504955053
504955161
504955245
504955304
504955314
504955413
504955454
504955604
504955636
504955662
504955897
504955975
504956056
504956394
504956423
504956490
504956574
504956769
504956804
504956813
504956940
504957007
504957031
504957045
504957050
504957131
504957720
504957831
504957857
504957859
504958293
504958409
504958429
504958551
504958575
504958659
504958707
504958723
504958835
504958906
504959010
504959118
504959159
504959189
504959300
504959382
504959467
504959607
504959793
504959839
504959871
504959994
504959998
504960118
504960156
504960194
504960208
504960422
504960528
504960547
504960631
504960721
504960774
504960794
504960954
504961003
504961052
504961130
504961186
504961209
504961338
504961451
504961468
504961539
504961692
504961726
504961798
504961997
504962009
504962034
504962241
504962393
504962465
504962661
504962723
504962726
504962975
504962996
504963010
504963037
504963105
504963216
504963234
504963515
504963571
504963586
504963826
504963863
504964012
504964119
504964206
504964422
504964460
504964551
504964641
504964777
504964870
504964945
504965370
504965632
504965665
504965853
504966070
504966191
504966375
504966390
504966420
504966440
504966459
504966746
504966813
504966939
504967100
504967179
504967208
504967273
504967330
504967396
504967410
504967563
504967602
504967652
504967664
504967678
504967906
504968035
504968055
504968114
504968226
504968294
504968420
504968478
504968588
504968845
504968875
504968890
504968891
504968898
504968964
504969277
504969480
504969822
504969927
504969956
504970008
504970037
504970170
504970304
504970353
504970412
504970412
504970427
504970521
504970599
504970723
504970800
504970887
504970956
504971069
504971198
504971334
504971389
504971432
504971604
504972122
504972227
504972233
504972278
504972284
504972461
504972468
504972501
504972531
504972613
504972882
504973144
504973150
504973166
504973275
504973317
504973341
504973367
504973424
504973633
504973899
504973901
504974026
504974052
504974056
504974205
504974229
504974302
504974371
504974451
504974575
504974711
504974751
504974769
504974903
504975106
504975141
504975243
504975398
504975537
504975557
504975699
504975709
504975730
504975744
504976004
504976023
504976171
504976253
504976279
504976284
504976522
504976603
504976641
504976684
504976833
504976879
504977017
504977058
504977098
504977180
504977209
504977241
504977702
504977737
504977759
504977875
504977909
504977990
504978023
504978123
504978258
504978502
504978704
504978750
504978786
504978830
504978878
504978885
504979059
504979080
504979107
504979190
504979265
504979406
504979434
504979616
504979624
504979635
504979667
504979942
504979995
504980039
504980134
504980271
504980341
504980358
504980408
504980492
504980634
504980647
504980689
504980709
504980741
504980783
504980871
504981015
504981104
504981404
504981561
504981565
504981567
504981596
504981597
504981724
504981752
504981759
504981793
504981810
504981875
504982081
504982159
504982186
504982309
504982409
504982493
504982521
504982528
504982567
504982639
504983049
504983094
504983113
504983120
504983249
504983278
504983293
504983488
504983501
504983549
504983563
504983640
504983976
504983995
504984063
504984171
504984197
504984314
504984367
504984414
504984416
504984445
504984558
504984591
504984667
504984689
504984702
504984730
504984769
504984778
504984805
504984868
504984874
504984923
504985003
504985104
504985216
504985247
504985623
504985852
504985911
504985949
504985957
504986052
504986066
504986068
504986087
504986098
504986149
504986320
504986328
504986670
504986799
504987072
504987076
504987082
504987126
504987154
504987184
504987204
504987275
504987332
504987337
504987429
504987527
504987570
504987888
504988030
504988148
504988530
504989019
504989103
504989150
504989155
504989268
504989745
504989991
504990025
504990182
504990187
504990216
504990281
504990281
504990321
504990499
504990897
504991022
504991046
504991049
504991069
504991187
504991314
504991406
504991442
504991459
504991564
504991765
504991830
504991839
504992062
504992229
504992241
504992281
504992369
504992409
504992425
504992487
504992699
504992939
504993086
504993218
504993240
504993268
504993307
504993386
504993399
504993552
504993629
504993678
504993826
504993866
504994011
504994126
504994692
504994725
504994951
504995215
504995234
504995474
504995590
504995613
504995622
504995676
504995682
504995695
504995698
504995736
504995858
504995911
504995916
504996183
504996194
504996230
504996254
504996330
504996365
504996371
504996491
504996535
504996678
504996686
504996875
504996903
504996967
504997072
504997076
504997453
504997496
504997707
504997720
504997758
504997806
504997838
504997845
504997854
504997870
504998031
504998120
504998162
504998192
504998299
504998356
504998433
504998458
504998482
504998562
504998587
504998732
504998893
504998947
504999000
504999018
504999129
504999300
504999315
504999342
504999365
504999366
504999467
504999475
504999632
504999661
504999669
504999712
504999810
504999866
504999916